$ 1 0.000005 10.20027730826997 50 5 50 5e-11
r 672 368 560 368 0 33000
r 816 272 912 272 0 102000
r 992 272 992 384 0 220
p 1056 272 1136 272 1 0 0
w 1056 272 992 272 0
g 1152 288 1152 320 0 0
w 1152 272 1136 272 0
w 1152 272 1152 288 0
w 448 368 560 368 0
c 816 224 912 224 0 1.8e-11 -5.099815966017894 0.001
172 448 368 384 368 0 7 0 3.3 0 0 0.5 Voltage
g 704 400 704 432 0 0
w 704 400 752 400 0
R 576 320 528 320 0 0 40 -10 0 0 0.5
r 640 320 592 320 0 200000
w 576 320 592 320 0
a 752 384 992 384 8 15 -15 1000000 -0.00005110764461437238 0 100000
w 912 272 992 272 0
w 816 272 752 272 0
w 752 272 752 368 0
w 912 224 992 224 0
w 992 224 992 272 0
w 816 224 752 224 0
w 752 224 752 272 0
w 672 368 752 368 0
w 640 320 672 320 0
w 672 320 672 368 0
o 4 64 0 x81013 2.1227645985648906 0.0001 0 2 2 0 4 3 0.000049999999999999996 0
