$ 1 0.000005 10.20027730826997 50 5 50 5e-11
172 192 384 144 384 0 7 0 10 -10 0 0.5 CV
r 224 384 272 384 0 100000
r 224 336 272 336 0 30000
r 224 288 272 288 0 100000
w 192 384 224 384 0
w 272 384 304 384 0
w 304 384 304 336 0
w 304 336 272 336 0
w 272 288 304 288 0
w 304 288 304 336 0
172 192 336 144 336 0 7 0 3 0 0 0.5 pot
w 224 336 192 336 0
R 176 288 144 288 0 0 40 -10 0 0 0.5
w 176 288 224 288 0
a 352 352 512 352 8 15 -15 1000000 -0.000029999220020279402 0 100000
w 304 336 352 336 0
g 352 400 352 416 0 0
w 352 400 352 368 0
r 400 288 448 288 0 30000
w 400 288 352 288 0
w 352 288 352 336 0
w 448 288 512 288 0
w 512 288 512 352 0
c 400 240 448 240 0 1e-9 -2.9999520012479604 0.001
w 400 240 352 240 0
w 352 240 352 288 0
w 448 240 512 240 0
w 512 240 512 288 0
p 528 352 592 352 1 0 0
g 592 384 592 400 0 0
w 592 384 592 352 0
w 528 352 512 352 0
a 384 128 544 128 8 15 -15 1000000 -0.000029999610005069933 0 100000
R 288 112 256 112 0 0 40 -10 0 0 0.5
r 320 112 368 112 0 100000
w 288 112 320 112 0
w 368 112 384 112 0
r 432 64 480 64 0 30000
w 432 64 384 64 0
w 384 64 384 112 0
w 480 64 544 64 0
w 544 64 544 128 0
g 384 160 384 176 0 0
w 384 160 384 144 0
p 544 128 608 128 1 0 0
g 608 160 608 176 0 0
w 608 128 608 160 0
o 22 64 0 4099 10 0.000390625 0 2 22 3
