$ 1 0.000005 2.008553692318767 50 5 50 5e-11
a 432 256 592 256 8 15 -15 1000000 0.000010965246363587975 0 100000
r 368 240 320 240 0 22000
r 464 176 416 176 0 3300
174 480 176 560 176 1 50000 0.203 Resistance
w 576 176 608 176 0
w 608 176 608 256 0
w 608 256 592 256 0
w 432 240 368 240 0
w 464 176 480 176 0
w 416 176 416 208 0
w 416 208 432 208 0
w 432 208 432 240 0
r 672 256 624 256 0 5600
w 608 256 624 256 0
r 688 320 688 272 0 5600
w 672 256 688 256 0
w 688 256 688 272 0
g 688 352 688 384 0 0
w 688 352 688 320 0
c 736 288 736 320 0 2.2e-10 -0.5489242500148382 0.001
w 736 320 736 352 0
w 736 352 688 352 0
w 688 256 736 256 0
w 736 256 736 288 0
209 848 256 800 256 0 0.000009999999999999999 1.2925860382040355e-10 1 1
w 736 256 800 256 0
p 864 256 896 256 1 0 0
w 848 256 864 256 0
g 912 272 912 304 0 0
w 912 272 912 256 0
w 912 256 896 256 0
g 432 288 432 320 0 0
w 432 288 432 272 0
R 304 240 272 240 0 3 440 2 0 0 0.159154943092
w 304 240 320 240 0
w 528 160 608 160 0
w 608 160 608 176 0
o 27 4 0 12291 0.6106907367534662 0.0001 0 2 27 3
