$ 1 0.000005 1.700203994009402 50 5 50 5e-11
a 432 256 592 256 8 15 -15 1000000 -0.000004948669608234423 0 100000
r 368 240 320 240 0 5600
r 464 176 416 176 0 3300
174 480 176 560 176 1 50000 0.005 Resistance
w 576 176 608 176 0
w 608 176 608 256 0
w 608 256 592 256 0
w 432 240 368 240 0
w 464 176 480 176 0
w 416 176 416 208 0
w 416 208 432 208 0
w 432 208 432 240 0
r 672 256 624 256 0 1000
w 608 256 624 256 0
r 304 304 304 256 0 39000
w 672 256 688 256 0
c 528 128 496 128 0 1.8e-11 0.4948719094930505 0.001
w 688 256 736 256 0
209 240 240 288 240 0 0.000009999999999999999 0.0023598749737727687 1 1
w 736 256 848 256 0
p 864 256 896 256 1 0 0
w 848 256 864 256 0
g 912 272 912 304 0 0
w 912 272 912 256 0
w 912 256 896 256 0
g 432 288 432 320 0 0
w 432 288 432 272 0
R 224 240 192 240 0 3 440 1 0 0 0.159154943092
w 304 240 320 240 0
w 528 160 608 160 0
w 608 160 608 176 0
w 304 256 304 240 0
w 288 240 304 240 0
w 240 240 224 240 0
g 304 320 304 352 0 0
w 304 320 304 304 0
w 496 128 416 128 0
w 416 128 416 176 0
w 528 128 608 128 0
w 608 128 608 160 0
o 20 4 0 12290 9.454036299650548 0.0001 0 1
